<?xml version="1.0"?>
<opencv_storage>

<AngOffset>65</AngOffset>	


<intrinsicsData type_id="opencv-matrix">
  <rows>131</rows>
  <cols>7</cols>
  <dt>d</dt>
  <data>
    1030.63  570.20  1440.05  1433.67   -0.25    0.13   -0.13
1029.39  568.26  1440.05  1433.67   -0.25    0.13   -0.13
1028.71  566.39  1440.05  1433.67   -0.25    0.13   -0.13
1028.52  564.60  1440.05  1433.67   -0.25    0.13   -0.13
1028.75  562.88  1440.05  1433.67   -0.25    0.13   -0.13
1029.33  561.21  1440.05  1433.67   -0.25    0.13   -0.13
1030.20  559.58  1440.05  1433.67   -0.25    0.13   -0.13
1031.27  557.98  1440.05  1433.67   -0.25    0.13   -0.13
1032.49  556.40  1440.05  1433.67   -0.25    0.13   -0.13
1033.78  554.84  1440.05  1433.67   -0.25    0.13   -0.13
1035.07  553.28  1440.05  1433.67   -0.25    0.13   -0.13
1036.29  551.70  1440.05  1433.67   -0.25    0.13   -0.13
1037.38  550.11  1440.05  1433.67   -0.25    0.13   -0.13
1038.26  548.48  1440.05  1433.67   -0.25    0.13   -0.13
1038.86  546.82  1440.05  1433.67   -0.25    0.13   -0.13
1039.14  545.10  1440.05  1433.67   -0.25    0.13   -0.13
1039.11  543.34  1440.05  1433.67   -0.25    0.13   -0.13
1038.83  541.55  1440.05  1433.67   -0.25    0.13   -0.13
1038.33  539.74  1440.05  1433.67   -0.25    0.13   -0.13
1037.66  537.90  1440.05  1433.67   -0.25    0.13   -0.13
1036.86  536.06  1440.05  1433.67   -0.25    0.13   -0.13
1035.98  534.22  1440.05  1433.67   -0.25    0.13   -0.13
1035.05  532.39  1440.05  1433.67   -0.25    0.13   -0.13
1034.13  530.58  1440.05  1433.67   -0.25    0.13   -0.13
1033.26  528.79  1440.05  1433.67   -0.25    0.13   -0.13
1032.47  527.05  1440.05  1433.67   -0.25    0.13   -0.13
1031.80  525.34  1440.05  1433.67   -0.25    0.13   -0.13
1031.22  523.67  1440.05  1433.67   -0.25    0.13   -0.13
1030.71  522.03  1440.05  1433.67   -0.25    0.13   -0.13
1030.27  520.43  1440.05  1433.67   -0.25    0.13   -0.13
1029.86  518.86  1440.05  1433.67   -0.25    0.13   -0.13
1029.47  517.32  1440.05  1433.67   -0.25    0.13   -0.13
1029.08  515.80  1440.05  1433.67   -0.25    0.13   -0.13
1028.68  514.30  1440.05  1433.67   -0.25    0.13   -0.13
1028.24  512.82  1440.05  1433.67   -0.25    0.13   -0.13
1027.75  511.35  1440.05  1433.67   -0.25    0.13   -0.13
1027.19  509.90  1440.05  1433.67   -0.25    0.13   -0.13
1026.53  508.46  1440.05  1433.67   -0.25    0.13   -0.13
1025.76  507.02  1440.05  1433.67   -0.25    0.13   -0.13
1024.87  505.59  1440.05  1433.67   -0.25    0.13   -0.13
1023.83  504.17  1440.05  1433.67   -0.25    0.13   -0.13
1022.68  502.75  1440.05  1433.67   -0.25    0.13   -0.13
1021.42  501.35  1440.05  1433.67   -0.25    0.13   -0.13
1020.07  499.97  1440.05  1433.67   -0.25    0.13   -0.13
1018.65  498.62  1440.05  1433.67   -0.25    0.13   -0.13
1017.18  497.31  1440.05  1433.67   -0.25    0.13   -0.13
1015.68  496.03  1440.05  1433.67   -0.25    0.13   -0.13
1014.16  494.80  1440.05  1433.67   -0.25    0.13   -0.13
1012.64  493.62  1440.05  1433.67   -0.25    0.13   -0.13
1011.12  492.49  1440.05  1433.67   -0.25    0.13   -0.13
1009.61  491.42  1440.05  1433.67   -0.25    0.13   -0.13
1008.11  490.39  1440.05  1433.67   -0.25    0.13   -0.13
1006.61  489.41  1440.05  1433.67   -0.25    0.13   -0.13
1005.13  488.47  1440.05  1433.67   -0.25    0.13   -0.13
1003.66  487.58  1440.05  1433.67   -0.25    0.13   -0.13
1002.21  486.74  1440.05  1433.67   -0.25    0.13   -0.13
1000.78  485.93  1440.05  1433.67   -0.25    0.13   -0.13
999.37  485.18  1440.05  1433.67   -0.25    0.13   -0.13
997.99  484.46  1440.05  1433.67   -0.25    0.13   -0.13
996.63  483.78  1440.05  1433.67   -0.25    0.13   -0.13
995.30  483.14  1440.05  1433.67   -0.25    0.13   -0.13
994.01  482.54  1440.05  1433.67   -0.25    0.13   -0.13
992.74  481.98  1440.05  1433.67   -0.25    0.13   -0.13
991.51  481.46  1440.05  1433.67   -0.25    0.13   -0.13
990.33  480.97  1440.05  1433.67   -0.25    0.13   -0.13
989.18  480.51  1440.05  1433.67   -0.25    0.13   -0.13
988.07  480.09  1440.05  1433.67   -0.25    0.13   -0.13
987.00  479.70  1440.05  1433.67   -0.25    0.13   -0.13
985.95  479.34  1440.05  1433.67   -0.25    0.13   -0.13
984.92  479.01  1440.05  1433.67   -0.25    0.13   -0.13
983.89  478.72  1440.05  1433.67   -0.25    0.13   -0.13
982.86  478.45  1440.05  1433.67   -0.25    0.13   -0.13
981.82  478.22  1440.05  1433.67   -0.25    0.13   -0.13
980.75  478.01  1440.05  1433.67   -0.25    0.13   -0.13
979.65  477.84  1440.05  1433.67   -0.25    0.13   -0.13
978.51  477.69  1440.05  1433.67   -0.25    0.13   -0.13
977.32  477.57  1440.05  1433.67   -0.25    0.13   -0.13
976.07  477.48  1440.05  1433.67   -0.25    0.13   -0.13
974.75  477.41  1440.05  1433.67   -0.25    0.13   -0.13
973.34  477.37  1440.05  1433.67   -0.25    0.13   -0.13
971.86  477.36  1440.05  1433.67   -0.25    0.13   -0.13
970.29  477.38  1440.05  1433.67   -0.25    0.13   -0.13
968.66  477.41  1440.05  1433.67   -0.25    0.13   -0.13
966.99  477.48  1440.05  1433.67   -0.25    0.13   -0.13
965.28  477.57  1440.05  1433.67   -0.25    0.13   -0.13
963.56  477.68  1440.05  1433.67   -0.25    0.13   -0.13
961.84  477.81  1440.05  1433.67   -0.25    0.13   -0.13
960.14  477.97  1440.05  1433.67   -0.25    0.13   -0.13
958.47  478.15  1440.05  1433.67   -0.25    0.13   -0.13
956.84  478.35  1440.05  1433.67   -0.25    0.13   -0.13
955.26  478.58  1440.05  1433.67   -0.25    0.13   -0.13
953.72  478.83  1440.05  1433.67   -0.25    0.13   -0.13
952.21  479.10  1440.05  1433.67   -0.25    0.13   -0.13
950.73  479.39  1440.05  1433.67   -0.25    0.13   -0.13
949.28  479.71  1440.05  1433.67   -0.25    0.13   -0.13
947.84  480.05  1440.05  1433.67   -0.25    0.13   -0.13
946.42  480.42  1440.05  1433.67   -0.25    0.13   -0.13
945.01  480.81  1440.05  1433.67   -0.25    0.13   -0.13
943.60  481.23  1440.05  1433.67   -0.25    0.13   -0.13
942.18  481.68  1440.05  1433.67   -0.25    0.13   -0.13
940.75  482.15  1440.05  1433.67   -0.25    0.13   -0.13
939.31  482.65  1440.05  1433.67   -0.25    0.13   -0.13
937.85  483.18  1440.05  1433.67   -0.25    0.13   -0.13
936.37  483.73  1440.05  1433.67   -0.25    0.13   -0.13
934.85  484.31  1440.05  1433.67   -0.25    0.13   -0.13
933.29  484.92  1440.05  1433.67   -0.25    0.13   -0.13
931.70  485.56  1440.05  1433.67   -0.25    0.13   -0.13
930.08  486.23  1440.05  1433.67   -0.25    0.13   -0.13
928.43  486.92  1440.05  1433.67   -0.25    0.13   -0.13
926.76  487.63  1440.05  1433.67   -0.25    0.13   -0.13
925.09  488.36  1440.05  1433.67   -0.25    0.13   -0.13
923.41  489.11  1440.05  1433.67   -0.25    0.13   -0.13
921.74  489.87  1440.05  1433.67   -0.25    0.13   -0.13
920.08  490.64  1440.05  1433.67   -0.25    0.13   -0.13
918.44  491.43  1440.05  1433.67   -0.25    0.13   -0.13
916.82  492.23  1440.05  1433.67   -0.25    0.13   -0.13
915.24  493.03  1440.05  1433.67   -0.25    0.13   -0.13
913.70  493.83  1440.05  1433.67   -0.25    0.13   -0.13
912.21  494.64  1440.05  1433.67   -0.25    0.13   -0.13
910.78  495.45  1440.05  1433.67   -0.25    0.13   -0.13
909.41  496.25  1440.05  1433.67   -0.25    0.13   -0.13
908.11  497.05  1440.05  1433.67   -0.25    0.13   -0.13
906.88  497.85  1440.05  1433.67   -0.25    0.13   -0.13
905.71  498.64  1440.05  1433.67   -0.25    0.13   -0.13
904.59  499.44  1440.05  1433.67   -0.25    0.13   -0.13
903.50  500.24  1440.05  1433.67   -0.25    0.13   -0.13
902.43  501.06  1440.05  1433.67   -0.25    0.13   -0.13
901.36  501.89  1440.05  1433.67   -0.25    0.13   -0.13
900.28  502.75  1440.05  1433.67   -0.25    0.13   -0.13
899.17  503.63  1440.05  1433.67   -0.25    0.13   -0.13
898.02  504.54  1440.05  1433.67   -0.25    0.13   -0.13</data></intrinsicsData>



</opencv_storage>
