<?xml version="1.0"?>
<opencv_storage>
<calibration_time>"Mo 08 Jul 2019 14:41:39 CEST"</calibration_time>
<image_width>1920</image_width>
<image_height>1080</image_height>
<flags>8</flags>
<camera_matrix type_id="opencv-matrix">
  <rows>3</rows>
  <cols>3</cols>
  <dt>d</dt>
  <data>
    1.3680567139396612e+03 0. 9.8708806138594389e+02 0.
    1.3666736233824204e+03 4.7703218830072495e+02 0. 0. 1.</data></camera_matrix>
<distortion_coefficients type_id="opencv-matrix">
  <rows>1</rows>
  <cols>5</cols>
  <dt>d</dt>
  <data>
    -2.7946772533505054e-01 2.3430567049449000e-01 0. 0.
    -2.6575137068943583e-01</data></distortion_coefficients>
<avg_reprojection_error>3.1372014159880285e-01</avg_reprojection_error>
</opencv_storage>
