<?xml version="1.0"?>
<opencv_storage>
<ZeroDegreeCameraPose type_id="opencv-matrix">
  <rows>4</rows>
  <cols>4</cols>
  <dt>d</dt>
  <data>
    -6.0688219491022566e-01 -6.6383616712423521e-01
    -4.3705325158240277e-01 -9.7775146990344439e+01
    -1.5185077224119770e-01 6.3661145641266925e-01
    -7.5608676521540308e-01 -5.3133207001546182e+01
    7.8015084725372097e-01 -3.9248872185318207e-01
    -4.8715219259216813e-01 -4.9478067310146393e+01 0. 0. 0. 1.</data></ZeroDegreeCameraPose>
</opencv_storage>
