<?xml version="1.0"?>
<opencv_storage>
<lapCameraPose_1 type_id="opencv-matrix">
  <rows>4</rows>
  <cols>4</cols>
  <dt>d</dt>
  <data>
    -3.5746362029000389e-01 7.8306602861502306e-01
    5.0894730080653705e-01 -2.6457999999999998e+02
    9.3965412494754319e-02 -5.1203280320219147e-01
    8.5381081610600162e-01 -3.2119000000000000e+02
    9.2918795807083865e-01 3.5302974842639223e-01 1.0945197715045474e-01
    -8.9844000000000005e+02 0. 0. 0. 1.</data></lapCameraPose_1>
<telescopePose_1 type_id="opencv-matrix">
  <rows>4</rows>
  <cols>4</cols>
  <dt>d</dt>
  <data>
    9.0020352479070609e-01 -3.9661297272068530e-01
    1.7981035516357119e-01 3.9939999999999998e+01 1.5202750403990239e-01
    6.7316116058676245e-01 7.2369999992599165e-01 4.4550000000000004e+01
    -4.0807015569603483e-01 -6.2414117132836533e-01
    6.6627812982497781e-01 -1.0412900000000000e+03 0. 0. 0. 1.</data></telescopePose_1>
<chessboardPose_1 type_id="opencv-matrix">
  <rows>4</rows>
  <cols>4</cols>
  <dt>d</dt>
  <data>
    7.9219547609000129e-01 -3.6785131568014995e-01
    4.8842250563129180e-01 1.5343290889171163e+02
    -4.6554644266311679e-01 -8.8110149907765556e-01
    9.1497532455341868e-02 1.8565993715499150e+02 3.9640616703883480e-01
    -2.9965101428478047e-01 -8.6862864234373593e-01
    -1.2604584558768161e+03 0. 0. 0. 1.</data></chessboardPose_1>
<chessboardToLapCam_1 type_id="opencv-matrix">
  <rows>4</rows>
  <cols>4</cols>
  <dt>d</dt>
  <data>
    9.9563499357656227e-01 8.0338285082350872e-02 4.7504942014760632e-02
    -5.6043806755547607e+01 -9.0589718148213053e-02
    9.5431821892887003e-01 2.8472836175248967e-01
    -2.4933112349158023e+01 -2.2460243356343390e-02
    -2.8778897993226954e-01 9.5743043637536285e-01
    1.9421339236517156e+02 0. 0. 0. 1.</data></chessboardToLapCam_1>
<lapCameraPose_2 type_id="opencv-matrix">
  <rows>4</rows>
  <cols>4</cols>
  <dt>d</dt>
  <data>
    -3.1381841421385048e-01 7.8477697013839864e-01
    5.3445590093168538e-01 -2.6414999999999998e+02
    6.4725855892686812e-02 -5.4390018712593657e-01
    8.3664995668638531e-01 -3.2156999999999999e+02
    9.4727428260206858e-01 2.9714927828410842e-01 1.1989053313740050e-01
    -8.9814999999999998e+02 0. 0. 0. 1.</data></lapCameraPose_2>
<telescopePose_2 type_id="opencv-matrix">
  <rows>4</rows>
  <cols>4</cols>
  <dt>d</dt>
  <data>
    9.0030627121739304e-01 -3.9601502743994305e-01
    1.8061205953195675e-01 4.0359999999999999e+01 1.5130151814527387e-01
    6.7382092342743460e-01 7.2323800630106172e-01 4.4170000000000002e+01
    -4.0811330364687853e-01 -6.2380883385308072e-01
    6.6656287789921986e-01 -1.0412800000000000e+03 0. 0. 0. 1.</data></telescopePose_2>
<chessboardPose_2 type_id="opencv-matrix">
  <rows>4</rows>
  <cols>4</cols>
  <dt>d</dt>
  <data>
    7.9230788045873424e-01 -3.6798405201616574e-01
    4.8814011010223979e-01 1.5342223933639281e+02
    -4.6549699351098117e-01 -8.8114781394987807e-01
    9.1302899413626820e-02 1.8566950518903235e+02 3.9623955314354081e-01
    -2.9935169937637279e-01 -8.6880784654636134e-01
    -1.2605086302258562e+03 0. 0. 0. 1.</data></chessboardPose_2>
<chessboardToLapCam_2 type_id="opencv-matrix">
  <rows>4</rows>
  <cols>4</cols>
  <dt>d</dt>
  <data>
    9.8777298725778906e-01 1.4182236731474399e-01 6.4737483524350117e-02
    -5.8850573154809481e+01 -1.5446083609251840e-01
    9.4656875389393580e-01 2.8310677184638611e-01
    -2.1961469366782090e+01 -2.1127606523783714e-02
    -2.8964462757131093e-01 9.5690104711075152e-01
    1.9391984248502681e+02 0. 0. 0. 1.</data></chessboardToLapCam_2>
<lapCameraPose_3 type_id="opencv-matrix">
  <rows>4</rows>
  <cols>4</cols>
  <dt>d</dt>
  <data>
    -2.4950619053231726e-01 7.8222628392261995e-01
    5.7084910582978032e-01 -2.6337000000000000e+02
    1.8029356747803871e-02 -5.8563830429929697e-01
    8.1037196325681482e-01 -3.2195999999999998e+02
    9.6820535176237865e-01 2.1248486364457275e-01 1.3201734560517375e-01
    -8.9775999999999999e+02 0. 0. 0. 1.</data></lapCameraPose_3>
<telescopePose_3 type_id="opencv-matrix">
  <rows>4</rows>
  <cols>4</cols>
  <dt>d</dt>
  <data>
    9.0065051834541299e-01 -3.9582334233641070e-01
    1.7931125303720230e-01 4.0250000000000000e+01 1.5177987998592735e-01
    6.7320488606165685e-01 7.2371130253310900e-01 4.4230000000000004e+01
    -4.0717503832577517e-01 -6.2459511929276590e-01
    6.6640034897954492e-01 -1.0413000000000000e+03 0. 0. 0. 1.</data></telescopePose_3>
<chessboardPose_3 type_id="opencv-matrix">
  <rows>4</rows>
  <cols>4</cols>
  <dt>d</dt>
  <data>
    7.9231102181431612e-01 -3.6846752354891266e-01
    4.8777016746057289e-01 1.5346201401623759e+02
    -4.6535273336836602e-01 -8.8134599916674683e-01
    9.0117722741264991e-02 1.8568719592925740e+02 3.9640268684547469e-01
    -2.9817123658882139e-01 -8.6913929869492179e-01
    -1.2605907285175404e+03 0. 0. 0. 1.</data></chessboardPose_3>
<chessboardToLapCam_3 type_id="opencv-matrix">
  <rows>4</rows>
  <cols>4</cols>
  <dt>d</dt>
  <data>
    9.6901856309030876e-01 2.3404516183061649e-01 7.8904287653294145e-02
    -6.1680224416949855e+01 -2.4682565018817323e-01
    9.2921434925498037e-01 2.7502325637630876e-01
    -1.6686804250294124e+01 -8.9511337594072177e-03
    -2.8597824281284734e-01 9.5819430276019557e-01
    1.9292260771174836e+02 0. 0. 0. 1.</data></chessboardToLapCam_3>
<lapCameraPose_4 type_id="opencv-matrix">
  <rows>4</rows>
  <cols>4</cols>
  <dt>d</dt>
  <data>
    -1.6358349756172252e-01 7.6712067332629519e-01
    6.2029534246267348e-01 -2.6247000000000003e+02
    -5.0686798813887046e-02 -6.3447016124036359e-01
    7.7128364621689427e-01 -3.2256000000000000e+02
    9.8522651596040312e-01 9.4728491231721224e-02 1.4267173930911237e-01
    -8.9739999999999998e+02 0. 0. 0. 1.</data></lapCameraPose_4>
<telescopePose_4 type_id="opencv-matrix">
  <rows>4</rows>
  <cols>4</cols>
  <dt>d</dt>
  <data>
    9.0058223141910132e-01 -3.9603506306498559e-01
    1.7918669949330818e-01 4.0170000000000002e+01 1.5190821006290148e-01
    6.7296977469799812e-01 7.2390301702535487e-01 4.4250000000000000e+01
    -4.0727820978745916e-01 -6.2471426361660631e-01
    6.6622559892748323e-01 -1.0412600000000000e+03 0. 0. 0. 1.</data></telescopePose_4>
<chessboardPose_4 type_id="opencv-matrix">
  <rows>4</rows>
  <cols>4</cols>
  <dt>d</dt>
  <data>
    7.9216095091547734e-01 -3.6775990449692808e-01
    4.8854732335383927e-01 1.5344313611016264e+02
    -4.6543152611086952e-01 -8.8117610196911533e-01
    9.1363626555143407e-02 1.8566947389165838e+02 3.9661005310879544e-01
    -2.9954382392119711e-01 -8.6857254235842563e-01
    -1.2604689721494326e+03 0. 0. 0. 1.</data></chessboardPose_4>
<chessboardToLapCam_4 type_id="opencv-matrix">
  <rows>4</rows>
  <cols>4</cols>
  <dt>d</dt>
  <data>
    9.2847679727256149e-01 3.5342356930263885e-01 1.1411668409075643e-01
    -6.4981005603156902e+01 -3.7123949229167774e-01
    8.9195941492150188e-01 2.5804968803683775e-01
    -9.0561999229741907e+00 -1.0586608970961267e-02
    -2.8195776774948894e-01 9.5936840729524819e-01
    1.9261919423023195e+02 0. 0. 0. 1.</data></chessboardToLapCam_4>
<lapCameraPose_5 type_id="opencv-matrix">
  <rows>4</rows>
  <cols>4</cols>
  <dt>d</dt>
  <data>
    -1.2538235861856006e-01 7.5600683356720522e-01
    6.4244294046003381e-01 -2.6206000000000000e+02
    -8.3506544140663441e-02 -6.5329717096983453e-01
    7.5248220144299349e-01 -3.2280000000000001e+02
    9.8858784194067950e-01 4.0699803470025719e-02 1.4504345819295383e-01
    -8.9727999999999997e+02 0. 0. 0. 1.</data></lapCameraPose_5>
<telescopePose_5 type_id="opencv-matrix">
  <rows>4</rows>
  <cols>4</cols>
  <dt>d</dt>
  <data>
    9.0037984885163402e-01 -3.9635837611152652e-01
    1.7948862211333144e-01 4.0180000000000000e+01 1.5143903016590904e-01
    6.7219793769474612e-01 7.2471798149441480e-01 4.4259999999999998e+01
    -4.0789992390820268e-01 -6.2533988377934413e-01
    6.6525760561643987e-01 -1.0412900000000000e+03 0. 0. 0. 1.</data></telescopePose_5>
